38.2682 140.8694 202.1
38.2682 140.8694 202.1
38.2682 140.8694 202.1
38.2682 140.8694 202.1
38.2682 140.8694 202.1
38.2682 140.8694 202.1
38.2682 140.8694 202.1
38.2682 140.8694 202.1
38.2682 140.8694 202.1
38.2682 140.8694 202.1
38.2682 140.8694 202.1
38.2682 140.8694 202.1
38.2682 140.8694 202.1
38.2682 140.8694 202.1
38.2682 140.8694 202.1
38.2682 140.8694 202.1
38.2682 140.8694 202.1
38.2682 140.8694 202.1
38.2682 140.8694 202.1
38.2682 140.8694 202.1
38.2682 140.8694 202.1
38.2682 140.8694 202.1
38.2682 140.8694 202.1
38.2682 140.8694 202.1
38.2682 140.8694 202.1